00000000000000000010001010000011
00000000010000000010001100000011
00000000100000000010001110000011
00000000010100110000111000110011
01000000010100110000111010110011
00000000010100110111111100110011
00000000010100110100111110110011
00000000010100110110010000110011
00000000011100110001010010110011
00000000010100110010100100110011
00000000010100110011100110110011
01000000011100110101101000110011
00000000010100110101101010110011
00000000010000000010001100000011
00000000101000110000111000010011
00000000101000110111111100010011
00000000101000110100111110010011
00000000101000110110010000010011
00000000001000110001010010010011
00000000101000110010100100010011
00000000101000110011100110010011
01000000001000110101101000010011
00000000101000110101101010010011
00000000000000000010001100000011
00000000010000000010001110000011
00000000100000000010111000000011
00000010011100010000001110010111
00000010011100010000111000110111
00000000000000000000111010010011
00000010010011101000001011100111
00000000000100110000001100010011
00000001110000000010011000100011
00000000000000000010001100000011
00000000010000000010001110000011
00000000100000000010111000000011
00000000011000000010011000100011
00000000011100000001100000100011
00000001110000000000100100100011
00000000000000000001100101000001
01110011011010010111001000000000
00000001000000000111011001100011
00000000000000000000000000001111
00110011011101100111001000000101
01110000001100100110100100110010
00000000000000000000000000110001
00000000000000000000000000000000
00000000000000000000000000000000
00000000000000000000000000000000
00000000000000000000000000000000
00000000000000000000000000000000
00000000000000000000000000000000
00000000000000000000000000000000
00000000000000000000000000000000
00000000000000000000000000000000
00000000000000000000000000000000
00000000000000000000000000000000
00000000000000000000000000000000
00000000000000000000000000000000
00000000000000000000000000000000
00000000000000000000000000000000
00000000000000000000000000000000
00000000000000000000000000000000
00000000000000000000000000000000
00000000000000000000000000000000
